24 11
60 87
86 82
77 42
6 28
17 8
33 86
5 29
27 54
48 31
66 80
47 88
66 42
48 89
79 86
94 23
82 63
12 3
45 44
11 54
29 21
10 30
17 76
49 15
4 77
54 21
67 47
13 63
7 78
25 15
35 33
20 32
63 4
72 69
9 64
93 88
59 96
93 55
14 96
86 60
2 74
83 92
32 48
60 25
85 89
7 85
16 72
61 15
87 14
42 94
66 93
31 52
74 93
14 52
10 63
88 9
33 70
35 39
24 81
61 69
73 12
53 20
24 35
17 3
26 33
6 16
17 11
77 67
77 83
38 19
81 16
3 5
69 0
14 78
87 38
88 33
63 43
75 89
26 91
63 64
0 45
6 84
2 50
90 81
19 56
36 74
98 56
22 89
29 42
72 80
33 77
56 57
31 6
30 2
7 91
92 87
68 61
11 94
8 35
58 73
