87 96
71 47
25 58
35 46
8 34
5 22
78 69
4 98
42 86
46 96
84 85
22 49
47 53
67 21
75 52
32 28
18 71
24 19
50 13
17 57
0 77
10 26
80 36
31 29
73 81
50 61
32 27
28 54
97 25
97 91
94 93
32 1
5 12
67 35
45 59
12 60
77 78
62 81
49 25
95 96
78 56
54 16
56 57
28 88
74 49
0 34
67 68
93 4
28 74
89 5
59 3
7 15
35 19
57 37
62 10
0 80
44 39
2 32
13 88
27 44
46 23
56 48
12 28
73 90
7 90
56 55
3 85
7 37
58 14
19 53
10 15
28 9
41 89
58 12
42 2
25 13
17 85
93 51
44 38
84 90
98 56
78 0
58 9
56 18
98 64
41 13
57 14
93 54
35 11
3 6
67 5
82 4
31 47
68 37
68 32
32 25
97 88
42 11
55 16
85 59
63 96
89 22
44 37
31 76
95 61
47 81
9 44
85 8
72 79
32 64
10 44
99 58
40 73
20 34
7 60
67 48
93 44
49 14
78 31
92 82
21 27
60 92
35 96
67 26
8 95
84 58
2 46
53 6
26 24
45 40
1 56
26 88
59 86
0 70
56 88
54 36
65 29
29 73
66 24
99 22
10 61
78 70
31 72
96 57
73 29
55 89
57 57
65 72
39 91
42 66
53 77
65 16
67 18
66 27
73 84
31 59
28 71
6 47
33 12
18 70
75 52
76 21
36 53
17 7
3 79
87 94
73 89
91 87
43 47
99 22
32 76
68 85
32 53
66 47
97 73
71 89
97 88
50 55
73 59
30 94
17 70
52 70
65 28
82 80
97 0
68 62
60 73
65 41
64 25
47 9
74 7
32 19
71 67
55 37
60 23
39 40
15 59
35 3
69 99
22 12
