9303
2280
3389
2151
1164
489
4839
9608
7438
9262
7309
2423
2856
508
2779
816
5059
385
219
3266
5929
686
1376
872
6634
3771
761
2944
722
8378
8743
33
149
1292
3526
3612
6161
6623
674
9311
3214
310
3305
7772
2475
1156
4691
109
5504
114
68
232
396
1426
162
6400
1565
1026
7757
1963
575
2360
796
8173
8107
3081
7228
1376
254
2828
235
109
7962
202
46
194
7242
2694
1488
8184
3234
78
139
380
4194
210
253
3009
156
39
92
98
2240
1437
1092
657
7841
163
311
3566
9279
573
1413
5807
3816
6608
1945
149
6313
4128
1946
3463
5369
1176
3607
2371
2029
245
1039
6816
750
8524
9251
743
9033
3448
2118
89
602
1645
3137
7770
7455
4900
7800
1350
906
5358
642
583
3731
4978
5215
3345
914
7976
3306
5249
8320
4398
5982
321
391
795
7129
3512
5069
2215
177
4918
2779
517
2845
66
6244
8923
7994
7660
2252
583
5808
7293
2841
2275
5426
7992
7841
3075
3554
8866
4917
4952
849
6482
97
3912
5389
1746
689
128
123
393
4560
1424
589
1639
3496
44
9870
166
